Archivos=GKD-c_1_n500_m50.txt GKD-c_2_n500_m50.txt GKD-c_3_n500_m50.txt SOM-b_11_n300_m90.txt SOM-b_12_n300_m120.txt SOM-b_13_n400_m40.txt MDG-a_21_n2000_m200.txt MDG-a_22_n2000_m200.txt MDG-a_23_n2000_m200.txt
Semillas=26522589
Poblacion=10
Iteraciones=10000
greedy=19480.11282 19677.9751899999 19443.3953499999 20424 35484 4535 111884 112130 112263
alfa=1 2
beta=1 2
q0=0.95
p=0.1
fi=0.1
delta=0.6